1749 3 1 36 36 21 1 29 5 2 3 47 25 2 22 8 4 6 
12 1682 11 20 39 12 25 11 14 2 12 17 67 11 14 24 20 7 
11 3 1749 10 15 14 11 9 12 11 25 24 16 4 19 31 24 11 
45 11 10 1385 95 138 6 16 40 28 10 9 49 32 59 17 27 21 
78 7 12 38 1474 56 13 54 14 36 3 34 23 10 46 14 51 11 
19 14 2 150 37 1620 3 16 18 6 4 48 5 10 6 12 25 5 
10 27 14 12 44 4 1506 21 15 12 13 21 53 15 7 120 45 61 
24 4 10 14 42 18 8 1603 12 10 1 129 25 6 11 6 70 6 
6 8 15 41 33 17 18 6 1668 15 13 7 6 48 14 60 19 6 
13 6 15 32 75 9 15 23 17 1496 70 16 27 16 71 7 54 37 
6 15 33 19 51 12 16 3 23 79 1583 8 17 15 20 21 16 61 
123 6 9 8 37 23 6 118 4 5 4 1587 22 7 18 3 11 4 
77 68 27 72 85 34 84 52 18 34 29 51 982 15 138 63 110 60 
12 16 7 65 56 47 9 20 31 14 16 12 20 1590 19 13 21 31 
57 7 14 36 79 13 8 18 16 42 13 28 86 6 1545 6 21 5 
19 45 63 22 50 9 98 13 30 6 19 17 32 14 6 1518 18 20 
13 19 36 19 81 15 24 30 22 44 7 12 42 17 32 19 1505 58 
32 20 43 39 29 51 55 21 12 39 114 16 111 36 42 32 90 1214 
