1824 2 0 38 6 18 2 21 5 5 3 25 14 0 19 5 2 7 
17 1765 7 22 5 18 24 13 15 4 11 7 43 7 10 16 10 5 
8 1 1853 6 2 7 9 11 7 8 20 12 6 2 8 13 13 11 
30 14 10 1619 12 112 12 8 30 26 9 7 25 13 38 8 5 16 
104 9 10 70 1324 59 24 68 15 34 11 21 19 15 55 12 63 18 
12 13 4 137 7 1694 5 15 11 9 2 34 6 10 5 10 16 4 
12 27 13 17 4 8 1620 19 13 6 24 5 33 11 8 100 19 54 
20 5 10 12 8 17 7 1737 2 10 6 79 19 9 11 4 29 10 
6 8 8 34 5 9 15 7 1776 11 18 3 6 21 10 39 9 6 
11 6 16 22 9 12 12 13 18 1630 80 9 14 9 53 6 33 35 
4 9 28 8 9 6 13 5 16 55 1729 0 9 6 16 11 11 57 
106 5 10 11 6 26 5 102 5 7 6 1647 24 4 15 3 2 6 
74 64 25 85 27 37 96 53 14 29 38 24 1074 14 125 56 82 65 
16 13 5 56 5 33 7 14 16 13 19 9 11 1718 8 10 15 25 
44 8 16 27 18 13 5 21 15 40 10 13 42 6 1690 6 10 4 
19 36 43 23 5 13 88 11 30 11 27 7 19 5 8 1619 13 18 
13 17 35 24 16 23 21 36 21 47 17 7 43 12 28 11 1540 69 
27 15 24 42 6 46 47 16 13 33 104 2 67 30 36 24 34 1431 
