1764 2 3 43 9 23 1 30 4 7 3 40 32 0 22 5 2 9 
18 1681 8 29 9 21 26 15 18 6 12 9 83 9 15 19 15 7 
11 1 1768 8 4 10 11 11 11 13 34 14 18 4 12 25 19 24 
38 17 9 1502 22 126 12 18 33 29 16 10 56 22 46 9 15 18 
116 15 14 72 1232 59 23 69 18 41 15 34 52 23 69 14 68 25 
16 13 4 171 11 1605 5 25 18 11 4 42 10 14 8 17 21 4 
8 26 20 19 10 10 1527 22 13 8 27 9 67 15 10 112 32 62 
19 6 11 18 15 23 10 1652 2 12 7 105 28 11 18 8 40 13 
7 11 12 46 4 18 15 8 1701 17 19 10 15 31 17 48 9 7 
15 8 19 30 18 12 16 17 22 1526 106 13 26 12 69 7 32 42 
5 7 32 13 16 8 15 4 22 67 1646 2 20 9 21 15 11 81 
142 5 10 12 10 29 10 124 8 10 8 1537 38 9 27 3 3 7 
75 64 26 91 32 38 103 47 15 34 32 27 1029 15 130 59 94 81 
17 13 6 67 15 40 11 15 23 17 20 15 26 1636 15 10 16 37 
59 12 16 39 25 15 8 27 16 58 14 19 109 6 1536 8 19 12 
19 47 53 27 10 14 110 12 42 10 32 11 36 9 14 1508 15 28 
14 22 42 23 26 39 25 41 24 54 21 12 75 15 34 15 1408 100 
24 17 32 36 7 54 51 17 8 42 117 3 114 28 40 31 48 1328 
