1792 1 1 37 8 25 2 31 10 8 3 15 22 0 7 7 4 13 
19 1630 3 37 5 29 28 16 24 14 11 7 77 8 7 32 22 11 
22 2 1607 14 1 13 23 11 26 26 66 9 12 2 4 59 47 42 
47 14 6 1485 13 122 15 20 42 41 21 2 43 26 21 18 24 21 
98 10 13 70 1099 72 25 63 25 57 18 20 33 24 39 23 100 23 
28 12 2 165 14 1561 8 34 24 8 1 33 5 19 5 26 31 7 
12 16 9 12 4 8 1544 17 17 11 27 2 48 15 5 127 44 63 
39 5 3 23 18 31 12 1601 9 17 5 65 31 12 12 11 68 14 
11 11 3 37 4 17 16 9 1711 18 22 1 9 26 9 55 20 9 
14 7 10 23 9 12 13 12 26 1557 102 2 22 9 37 6 56 51 
6 7 17 12 6 9 16 3 25 83 1647 1 17 9 10 26 17 74 
228 4 6 15 10 59 12 179 11 17 11 1309 44 5 14 18 14 16 
95 59 7 93 17 38 90 47 20 48 34 22 1006 15 65 86 131 83 
26 10 1 60 7 36 15 16 22 17 24 5 16 1651 7 12 19 31 
92 11 13 59 17 20 5 29 23 118 18 12 150 8 1320 18 39 20 
24 37 26 23 6 13 96 13 34 15 28 8 26 9 3 1575 20 29 
12 19 16 22 19 23 21 36 23 68 20 6 47 16 13 16 1484 90 
25 15 13 33 3 51 56 17 15 51 131 1 98 34 21 33 77 1313 
