1849 2 1 28 2 19 1 20 4 4 4 29 11 0 15 4 2 4 
28 1733 6 19 4 20 22 18 11 7 24 10 40 5 16 18 16 3 
14 1 1831 5 2 10 6 15 7 8 35 12 5 2 13 13 9 9 
49 12 12 1598 10 113 12 10 31 30 18 9 19 11 36 8 8 13 
177 6 15 64 1306 61 18 64 11 52 21 35 20 9 60 11 43 7 
33 11 2 135 7 1675 2 17 8 10 7 44 4 8 8 7 16 3 
27 16 14 22 6 9 1562 18 10 12 48 11 36 11 10 115 22 47 
32 6 4 11 5 19 5 1721 4 14 9 86 14 4 16 5 33 8 
23 8 6 43 5 17 11 11 1731 20 29 6 7 19 12 38 9 4 
16 6 12 22 6 10 6 20 14 1654 102 11 8 4 50 5 25 27 
8 9 17 6 5 7 6 4 10 39 1839 0 4 3 8 4 5 23 
145 5 7 6 2 21 6 88 2 11 6 1662 13 3 16 2 1 3 
125 60 27 81 23 39 80 59 10 44 55 36 1002 13 146 57 76 58 
32 10 3 61 6 43 7 14 13 17 30 20 13 1681 7 7 15 19 
59 4 12 23 20 8 4 19 11 49 16 13 35 3 1700 6 11 2 
34 36 46 24 1 13 70 13 23 17 42 14 18 3 8 1611 14 10 
29 12 29 19 14 22 20 50 16 60 41 10 36 8 25 12 1534 52 
43 15 27 43 2 43 43 20 8 44 185 5 70 25 42 25 42 1316 
