1716 4 2 72 2 20 2 34 9 2 3 38 30 3 41 7 3 12 
22 1587 10 49 8 27 41 13 34 3 24 12 83 11 23 25 16 12 
9 7 1725 18 2 12 16 11 21 12 38 16 13 8 24 29 16 22 
28 9 7 1559 9 123 8 9 46 21 12 8 26 31 67 11 10 14 
114 19 16 135 1094 95 24 85 33 51 14 28 38 38 85 23 75 15 
15 17 2 195 5 1625 4 12 20 5 4 36 5 11 13 8 19 4 
10 25 9 27 4 7 1550 19 21 8 24 13 54 20 13 107 20 69 
23 6 9 20 4 25 10 1650 18 11 4 96 23 9 28 5 46 12 
6 7 13 53 2 19 18 6 1711 13 17 5 5 51 14 47 8 5 
8 5 15 57 17 11 16 22 32 1484 100 11 23 19 93 7 36 43 
4 11 28 28 10 13 16 3 26 56 1665 2 15 12 23 16 9 62 
142 7 11 15 5 37 8 153 7 7 7 1502 32 6 30 6 8 12 
71 66 24 107 20 38 94 50 24 30 39 29 968 22 196 72 75 74 
11 16 5 82 9 45 10 16 39 13 23 9 13 1633 24 10 9 32 
41 5 13 63 19 22 6 20 22 45 13 15 63 7 1620 4 12 10 
17 50 57 47 5 11 121 11 52 5 30 12 33 19 10 1483 12 24 
13 21 39 50 16 35 39 35 38 45 22 5 60 23 62 18 1379 95 
31 16 35 63 2 51 53 20 16 40 140 4 84 39 64 23 40 1276 
