1778 2 4 46 7 24 2 29 6 6 2 36 19 0 22 5 2 7 
19 1696 8 28 8 24 27 16 18 6 15 8 61 8 14 18 15 7 
14 3 1775 8 3 11 11 11 12 11 36 13 8 3 11 25 16 21 
42 15 11 1499 19 129 14 18 38 31 17 8 27 26 53 12 16 16 
135 14 11 88 1150 65 29 80 20 41 15 26 26 23 63 13 74 20 
20 14 6 164 8 1611 5 25 18 9 3 42 5 14 8 14 20 5 
12 27 20 18 10 9 1533 22 15 7 28 9 50 16 11 112 29 62 
26 7 11 20 10 24 11 1654 4 12 7 100 18 12 19 6 38 12 
6 11 14 47 4 16 16 8 1703 16 20 8 8 31 18 48 11 6 
15 7 19 31 15 14 17 18 23 1522 104 12 15 12 71 7 35 44 
5 8 30 11 11 9 16 4 22 68 1666 4 9 9 21 16 11 69 
161 5 9 13 9 36 12 143 7 9 11 1495 26 8 27 4 3 9 
88 74 30 97 23 41 111 52 15 37 36 28 924 15 157 63 101 87 
20 15 8 66 13 40 10 16 24 19 23 11 13 1637 14 10 16 36 
67 11 21 43 20 17 7 25 18 64 14 18 71 8 1544 9 17 11 
24 47 57 27 7 13 115 13 46 10 33 12 23 11 11 1504 16 24 
17 22 44 24 22 38 25 46 28 60 21 11 47 14 38 15 1411 94 
28 16 32 40 6 56 53 19 10 43 139 3 81 33 42 30 51 1310 
