1786 3 0 39 6 23 1 28 5 4 3 8 26 0 5 5 4 6 
18 1670 4 27 5 18 23 15 16 9 11 2 73 7 2 23 18 6 
21 4 1571 12 1 15 20 14 20 24 58 5 22 3 0 55 48 44 
49 16 4 1496 8 123 17 20 32 36 11 1 51 25 11 14 25 15 
129 7 2 69 923 45 23 45 18 40 10 9 44 21 20 10 86 13 
26 15 1 161 4 1608 5 26 13 12 3 16 10 13 1 18 23 4 
14 26 4 17 4 7 1500 18 14 10 22 1 61 15 4 124 40 59 
28 5 1 18 5 22 11 1660 3 14 5 44 32 8 5 7 49 10 
11 11 3 44 2 17 16 8 1677 17 18 1 14 32 2 57 19 9 
16 6 8 30 8 13 13 15 15 1547 81 0 25 10 20 7 50 46 
7 11 15 13 5 7 14 7 24 86 1608 0 17 11 9 20 18 72 
281 4 5 11 6 47 13 265 9 20 9 1140 50 8 12 10 9 12 
93 63 8 84 14 28 87 49 13 41 25 7 1053 11 41 66 113 74 
20 13 2 59 5 39 9 17 17 21 19 4 23 1629 1 13 18 34 
105 13 10 67 17 20 5 37 17 115 16 4 222 6 1133 13 29 17 
29 40 22 23 4 15 107 11 34 12 26 2 38 11 1 1531 21 21 
13 19 10 18 12 28 23 36 21 61 14 4 57 10 7 15 1425 81 
31 15 11 37 1 53 51 21 9 52 111 0 118 32 10 32 70 1305 
