1757 6 3 36 7 23 4 31 5 10 5 17 28 0 12 11 7 15 
30 1515 5 24 10 26 31 20 32 12 24 6 101 17 7 43 41 11 
17 2 1631 11 4 10 20 12 17 21 42 12 20 6 7 52 46 33 
77 18 9 1322 28 147 27 24 37 46 17 10 53 37 24 17 33 33 
148 19 10 55 1014 74 25 88 18 47 14 20 37 24 27 18 96 29 
48 23 5 164 8 1495 10 33 22 15 7 28 15 15 5 19 34 17 
20 29 8 17 14 5 1436 24 23 15 35 2 59 24 4 131 54 63 
47 7 2 25 16 29 9 1564 12 17 10 74 38 8 9 8 63 12 
22 19 14 65 10 20 29 14 1486 28 36 7 25 41 11 80 31 19 
21 7 13 27 14 19 14 22 29 1492 87 4 33 11 34 3 51 64 
9 9 24 11 10 8 19 5 25 76 1602 0 31 13 14 20 15 80 
253 8 11 10 8 41 14 217 12 28 10 1213 50 9 18 12 17 15 
120 67 14 79 22 45 93 57 23 46 40 20 955 21 61 75 117 77 
30 13 6 60 12 37 23 21 41 26 17 5 33 1536 7 16 27 52 
144 20 21 60 37 27 17 57 26 94 17 11 182 17 1028 12 52 25 
41 48 36 30 13 19 143 21 53 18 28 6 49 15 3 1392 27 23 
23 23 27 24 18 34 25 43 24 62 30 7 63 18 19 20 1352 95 
42 22 22 36 7 46 61 27 14 50 131 4 103 41 21 33 83 1230 
